10
31
65 64 15 1 6 89 13 15 52 96 4 41 73 66 44 43 41 68 57 14 59 79 43 89 9 10 66 51 34 56 81
100
72 48 53 79 38 18 94 42 66 51 35 40 17 79 35 10 0 92 24 11 71 19 0 32 29 18 84 15 26 17 67 99 66 72 30 56 90 76 50 8 27 38 48 96 69 84 6 69 28 82 33 0 54 85 84 35 4 68 51 82 86 18 33 4 90 63 60 32 40 62 40 19 0 41 68 70 77 26 91 5 9 76 57 15 62 42 50 18 62 1 0 0 71 34 4 13 97 16 97 89
32
90 61 31 31 29 53 60 55 97 17 16 73 27 31 35 21 34 5 83 35 6 36 59 40 92 24 89 61 22 31 92 12
93
75 95 73 29 55 80 78 24 97 51 51 80 39 72 14 44 8 2 2 44 61 94 36 85 36 97 59 19 41 71 11 17 66 36 46 73 16 76 98 65 79 1 46 70 74 60 15 82 62 69 78 75 64 14 13 52 64 72 71 5 44 34 22 62 70 20 88 38 96 86 4 28 87 50 98 13 62 65 47 77 35 25 52 51 92 65 3 8 90 74 13 86 8
89
48 30 60 36 68 9 74 72 37 14 74 35 27 37 53 27 14 88 52 66 39 44 84 94 52 26 20 18 12 80 58 12 10 70 1 30 79 27 3 68 41 77 56 21 66 9 48 80 49 52 99 88 97 35 34 1 61 54 71 73 34 29 37 96 0 38 26 31 66 81 52 59 11 8 32 77 69 80 58 18 33 57 6 82 44 92 83 5 46
8
30 32 36 67 28 88 58 6
21
76 88 72 87 99 32 20 76 1 0 86 19 85 95 77 19 39 69 55 96 67
63
26 99 98 46 79 39 56 85 59 84 73 83 71 24 67 91 53 68 44 39 39 81 87 16 1 26 37 56 75 56 18 1 55 68 99 34 7 7 71 18 91 45 53 63 21 20 6 74 40 50 66 79 84 53 47 85 31 84 93 6 40 11 60
48
31 11 33 91 19 5 61 10 2 15 25 23 87 32 50 28 34 16 7 18 69 7 3 52 43 96 59 36 59 71 83 43 82 69 86 1 74 47 64 28 62 89 3 50 73 5 30 8
22
89 26 42 96 82 95 40 30 6 76 42 77 59 37 59 80 23 13 6 70 77 34