10
40
87 9 62 51 52 31 83 6 4 83 79 29 87 72 12 87 10 97 94 35 61 45 63 46 75 15 56 88 85 68 79 72 77 94 23 29 25 58 87 81
95
19 63 81 43 75 21 53 25 15 40 86 12 55 33 88 70 41 28 8 10 60 80 39 54 56 21 31 14 8 64 60 79 27 42 23 55 63 28 80 30 69 66 42 24 51 82 47 93 63 55 55 23 87 94 29 95 15 12 62 76 76 22 55 4 64 30 59 27 59 39 57 80 5 52 56 57 86 55 2 1 62 57 76 50 3 5 97 19 69 59 47 46 82 54 50
47
85 61 26 96 52 35 76 57 39 84 66 26 40 20 79 2 29 56 4 33 61 2 4 31 13 51 29 95 5 31 94 42 92 72 38 96 7 66 53 47 3 72 25 43 92 4 97
23
60 54 7 74 8 11 57 21 14 38 69 71 69 63 14 13 35 4 9 94 23 14 41
27
86 18 21 31 75 70 5 87 76 64 13 84 75 70 58 41 8 27 12 29 90 78 42 77 35 3 71
59
18 65 36 56 83 9 39 10 79 96 98 8 60 11 92 35 34 50 28 94 29 41 24 19 71 18 96 6 22 20 16 92 85 52 48 20 13 88 31 93 84 81 53 45 44 45 32 30 48 13 25 77 54 1 49 77 19 97 84
94
17 52 85 54 5 34 75 70 74 58 15 10 39 68 7 35 14 92 66 14 5 43 43 11 44 92 88 15 42 24 9 59 77 46 14 34 32 41 4 6 99 20 69 90 88 76 77 54 20 95 68 25 38 64 88 34 56 77 2 50 1 11 10 78 9 76 64 42 69 69 48 68 89 69 10 29 98 87 84 18 83 4 96 73 68 84 8 77 61 10 27 15 73 89
46
82 17 10 76 86 31 25 6 72 46 16 1 44 56 37 63 39 42 59 64 62 95 72 91 57 34 19 24 59 60 21 94 78 83 70 16 14 47 23 86 94 39 40 38 47 77
54
38 71 12 3 34 8 27 77 17 62 48 93 73 9 14 67 39 50 38 55 64 37 78 3 31 70 43 22 17 72 75 56 44 40 11 30 0 38 59 69 52 8 62 26 17 28 93 56 78 83 11 95 21 42
51
4 12 93 78 81 17 54 37 13 46 0 95 98 39 55 67 91 63 81 17 80 9 63 88 40 46 99 87 19 93 37 76 5 82 54 87 99 60 76 13 58 77 8 56 68 63 23 59 78 4 29